86
2419
30
11311
11301
11441
11412
11443
19
8851
11432
60
20319
32
12639
43
15822
44
15962
25988
56
107
66
21680
8843
8
73
23684
33
12976
4593
67
22354
21962
19183
47
17186
15952
17183
42
13617
12640
17178
12634
39
14086
22355
12978
82
1311
7
2991
8174
17
2878
5
2567
6
31
11686
17756
52
9856
25
11139
29
2642
18573
55
14
4732
4594
3039
17774
25156
15570
28
41
214
15518
15951
62
21019
2962
15964
15965
13117
8142
15181
17753
15954
13253
15967
17188
15
17189
10158
15182
12979
12980
18
8569
20
2657
383
4
2647
10
26
9957
97
11680
59
4268
12
15520
12981
21679
88
26808
26821
12982
11293
3040
17750
25984
12983
342
718
15185
11726
11445
15953
16
7700
15186
2670
25383
84
17782
15187
3168
2
1121
96
8570
35
3130
3197
15190
15968
11155
18422
54
3041
45
25386
15818
21156
63
16326
8504
25157
9858
9880
10160
3177
11291
9860
14249
40
9862
1
673
25158
25155
9931
14251
6843
11156
9932
15511
12986
15194
12394
8853
11859
25388
7625
25159
12998
25160
15195
25389
15825
26036
11860
11682
2926
11690
11861
339
17749
14074
2538
17763
17752
17787
17764
12988
11761
21020
15972
11691
11862
23679
6844
11863
10394
25993
11296
7619
8139
7628
11689
4821
8839
61
11376
11372
696
87
24834
4251
456
21170
6702
727
10157
1113
1077
11692
10209
7650
1704
8857
14252
6845
11864
8858
9929
20329
10203
11727
20316
11381
1742
1096
4657
4796
4797
11812
21684
20332
10230
8859
8512
8502
8113
9899
8510
11292
1098
11429
21682
11448
11342
11356
11450
14244
11300
1255
14254
11451
21685
19639
11433
11360
8528
15946
11453
21686
21687
99
11428
21688
21689
19141
20322
3239
11316
11320
15529
15975
25393
22194
13044
15961
15196
15976
11422
19168
15531
12989
12990
12991
19145
10574
19146
19181
12992
10589
10573
10592
12993
12994
10571
21021
22345
15197
7878
12641
14085
17761
11868
11696
4610
19167
12642
14075
12643
3167
7102
10560
15977
462
726
4271
12644
584
17773
454
728
21690
17789
11359
17790
16337
7630
9935
25165
15199
17793
15978
23685
15958
8175
21151
11869
10595
4272
15826
4213
4273
4242
8860
2569
2570
11456
15200
11457
7621
15530
10580
15979
12999
8576
10550
14084
2420
20333
20334
8125
8861
23698
13000
25394
8862
11458
11459
11332
11460
10597
15980
25395
23700
20335
17796
10208
8136
1706
10171
12708
21175
2011
8863
11841
10201
4814
24761
11463
8131
11462
499
11338
6846
11464
11307
11465
24724
11466
1129
11340
11467
11778
1088
2992
8177
11875
21692
21152
1131
21176
11468
11729
10184
148
21693
1016
24853
14104
13001
14105
15950
15984
3233
18574
16332
12646
12647
8972
18575
18566
17191
11469
21694
21697
21698
21699
21701
21695
21702
23702
3008
215
8865
15512
25150
3241
3242
2568
3243
3244
15986
25396
15987
15988
478
3245
3246
8178
25169
11153
25170
15990
17192
8179
15534
15535
9874
16346
19138
17242
18561
3176
18577
3205
3248
15994
216
1618
25172
2922
4253
15991
15536
3043
21182
8122
1477
9913
9939
26502
7634
7632
11710
573
707
731
10159
13006
1044
13007
656
8578
6847
15997
13008
13009
2663
2977
3044
11472
17772
11473
11474
9869
23703
26298
6849
7654
11151
4609
20321
11878
449
24785
11294
14243
1202
1071
594
11477
11319
9
11355
83
15827
20059
25397
13016
15210
2561
10161
4252
20344
108
15828
7709
17798
18583
18584
2654
10237
17801
18585
11380
18587
11739
10238
19149
17194
21704
18589
17195
13020
733
14109
38
7711
6850
16347
6851
6852
8181
8564
21160
11850
3047
6855
6856
4824
2672
2650
4825
6857
18409
21183
8580
1057
1065
14258
21705
986
14110
25177
25178
12649
11480
11481
15305
2999
18593
1267
2995
18595
4789
4792
14111
14112
203
2675
15212
46
21157
89
3049
15213
20271
15999
1719
4265
10601
13368
4221
4276
15959
15956
3209
22357
21707
18597
18598
18599
18601
18603
1068
16001
18604
15539
13334
23705
15985
11694
10183
25179
735
1455
1468
25400
10240
3050
26812
1720
2253
10241
16349
3251
8525
11161
3051
671
2997
1214
2972
6860
8867
1086
3793
3794
3795
3796
3797
3798
3799
20346
11482
1022
16003
12632
12624
14113
2964
25401
25402
11885
13024
18564
15216
18605
37
11886
15217
15955
16004
4829
21029
11163
17762
2661
25403
13073
1133
25181
16005
17805
1134
13373
18610
11731
11718
18613
25182
18614
21030
14260
6697
12651
16007
15966
14261
1167
11414
18616
19629
6788
10549
18420
16318
1728
17202
11847
11141
2699
11144
9922
11485
467
18426
18444
11308
6861
737
738
2644
21708
10245
14263
16351
19196
13027
11890
739
740
741
22360
3706
13829
19198
78
15218
12652
13029
13030
17206
23706
3252
3253
13032
11168
17182
18618
17209
25183
1137
15219
11169
1210
18446
11854
11893
25407
11755
19199
13528
1474
16002
15545
16352
1087
17815
11488
11896
11897
9986
19200
15546
11900
18620
16009
23708
745
13549
18448
6895
15575
26512
1138
9919
17816
8129
161
1139
1140
1141
14268
24709
6862
7716
1472
6863
10247
8855
8871
14271
8876
1741
14276
8877
17213
19201
16323
13033
17214
17215
15221
13034
13035
23709
18623
13038
12627
20320
20352
34
7718
7719
7720
12653
17818
17819
17820
21034
3587
11903
25189
8124
518
19202
10539
749
10606
16010
17822
3257
8185
9872
9893
17218
17219
6864
21645
20615
1010
17826
8526
12892
1840
6865
23711
9900
26880
17830
11904
11341
11492
11493
15225
17832
2684
2645
18412
14279
15833
14280
11489
26368
11494
11171
26842
21713
750
8505
8166
1146
4644
14247
7723
4682
10250
8540
474
11351
11496
21714
64
21615
21616
11498
12623
25191
25411
14118
21035
18632
18633
4210
22226
4116
25192
751
11172
25193
752
25195
7626
11173
27
10429
3247
4277
17834
16012
16013
18449
16357
16356
16325
9943
11906
9854
21022
9891
9944
12656
10548
11732
11907
11908
3803
11910
17836
10609
7725
1147
11912
8187
8188
21161
10189
26005
11688
26075
26066
9945
18634
26044
26076
8324
22362
1463
9946
4220
11504
11919
22363
9918
10221
7727
3827
1975
15835
8995
14283
3266
8586
3054
0
75
11509
11511
11375
10610
22367
13037
22368
14090
16019
11697
2692
3057
8533
21188
13039
19203
6866
2573
6715
21716
4278
10419
6867
6868
14284
21717
1796
6869
8589
4651
18635
26520
3058
23719
6871
16020
3059
8130
23720
23721
11395
21718
18450
6872
11815
11932
3502
7729
8888
21190
6778
11933
18411
1148
14286
11934
1150
21192
2597
8889
6873
8901
19204
18636
16361
3259
15232
2810
2811
3062
3063
3064
18637
4280
12701
16023
1746
15837
15234
13138
7171
22352
13040
9948
16324
9008
11177
21036
18638
21038
15238
26078
13041
18639
14125
11391
3196
761
17831
16027
26883
18640
19205
8190
18641
1153
10613
21095
21720
21721
1154
8120
2921
21193
26533
26534
1155
1156
10565
14128
23725
1157
14129
6874
3068
8590
9923
22371
6776
14291
1159
3263
3264
19206
15550
18643
16028
51
13043
17843
15551
8226
25413
26884
3069
25414
4874
16037
26080
765
11517
4281
11518
21725
21727
21728
25206
21729
22373
17853
26539
19158
8192
16366
685
15245
766
14130
14131
11946
9012
17844
13132
14132
461
18414
2552
24211
24212
8193
11379
26822
14133
21179
26022
6876
6877
6878
1313
11519
15246
19207
11521
18647
18586
16368
3267
2554
4282
16030
80
13374
36
22387
15838
22388
15248
13346
3074
3075
18648
24214
17432
49
13348
13234
2697
21043
4283
9914
8591
1754
24873
1166
17433
13350
17434
17435
8596
17437
8623
3161
21610
25211
16296
14294
18650
21731
13353
1169
24875
9523
11523
24876
9315
23
2575
20102
9951
10163
16058
1033
71
22960
13616
8568
13349
18651
18652
22389
1755
18455
22959
6879
6880
9952
1624
21733
14297
1756
14136
21735
3268
8890
15556
11389
14137
17440
3269
19179
17442
16031
15839
10615
69
827
22663
4879
3238
22390
13354
11959
769
12657
12659
12661
12662
21203
13418
22391
19213
3271
17848
16373
13046
18656
24729
1172
3171
3272
9016
4880
10957
17850
18657
10616
6881
3274
19214
3222
18456
18658
9953
15560
23965
9954
26845
581
17900
9955
9956
21614
8556
13355
10537
26892
14144
3276
26893
26894
3277
6882
11527
771
4885
26084
26085
14301
719
26089
26041
11530
3809
5710
25217
25212
25218
15842
6883
21743
786
18659
3278
13047
13048
6884
6790
19430
17447
25219
13049
1175
1177
22392
1178
1176
14080
15963
21204
15257
477
13381
15563
4286
15565
22964
9894
17448
17449
258
8374
15773
1180
9959
13357
13358
9961
6941
1183
17439
16111
1017
21206
11533
8201
11534
10262
24216
8202
480
23106
1184
11535
11352
11289
22393
16376
9866
11322
21162
9896
21208
14303
1760
10265
16377
10266
3279
13051
13052
18663
13053
13054
11539
3280
13055
3281
18665
17855
21049
9683
26895
15261
1072
18666
15568
4599
13056
18416
1045
4679
16379
14146
6886
9963
9964
15569
7748
24033
17858
17859
15259
4692
10553
21617
24034
10619
18667
6822
16039
21747
13764
21748
21749
1212
21750
13057
10268
10269
3282
18460
24035
1762
11542
4917
17758
11543
7749
8842
4918
17862
3283
3284
11544
333
1763
3762
11545
24038
24217
4920
10276
3285
26093
1764
3286
22966
20356
10277
1019
26051
11354
16044
13059
13060
16045
13544
16336
2698
3084
3085
3086
2658
9017
3288
3289
22668
9966
22669
21619
21620
13367
22670
12664
6698
8506
10620
21752
24218
7172
24219
24220
22671
9967
12665
13605
15843
12667
13061
13062
22967
17109
15577
22968
21621
8145
19215
6887
11993
16382
16383
16385
15267
13612
9970
10280
17863
17864
10281
11997
11552
10228
22970
11553
11554
22971
11318
11396
19216
18671
19218
13063
13064
15578
4236
19219
14306
19220
3087
22673
25419
18735
15270
21126
1185
11998
4289
4290
13359
15579
18461
22675
4223
16048
4291
1186
14147
1187
1188
24222
13360
13361
16050
22785
19520
13173
13365
21771
24224
17866
14148
21103
13366
21211
8204
1189
6888
4699
1776
14149
8135
8205
12004
11555
11557
26096
11558
11304
15847
13369
3292
13066
25221
25222
12668
12669
12670
12673
3231
12674
12675
807
58
19301
12677
3294
1191
3295
3296
3297
2700
19222
19223
19180
19224
11559
22972
3300
74
23772
15587
17867
14313
18673
13503
17452
17868
17869
13505
3314
3301
3302
3303
21052
24225
6892
6893
6894
9915
3128
14314
7758
17765
1778
1779
1780
26097
14316
14317
14318
10292
1781
21212
21214
6896
6897
11333
21755
13506
18676
12678
19227
10626
15850
15851
15852
15274
3306
19228
79
24605
19302
21759
9972
13071
17871
11181
19229
10514
26556
19230
13513
25426
13514
13515
13516
19303
1783
15853
778
25427
2701
9029
22974
15590
3307
2702
23773
3308
17780
19235
93
3309
18462
11564
124
92
21761
680
6899
11565
7651
7635
10627
9975
11569
8896
8897
13517
13518
2254
15849
25428
3698
263
15854
15855
13519
19237
1786
15277
10628
13520
17872
16052
16053
16054
85
10630
10843
13522
24042
2814
11182
4292
18678
21216
9976
17877
8206
2808
10282
19238
11571
10301
10302
11361
6900
4930
16055
11572
11573
13526
6901
781
6903
780
11574
2830
25612
11510
21218
1193
11575
13527
15900
4438
19240
19241
16391
21033
16056
12680
3312
1798
24045
3098
3099
6904
24046
25235
21
9081
25429
13376
18415
13074
16057
18679
18644
14045
24047
23777
23778
19243
15281
18681
19244
21763
3313
2493
2834
19245
12027
159
4293
13332
22976
4294
8143
26898
1803
1804
26850
9086
3033
8899
22685
21765
22686
13609
17883
21057
21167
12032
4940
8336
21766
11578
7421
21767
2837
22172
3816
11580
6906
14330
14331
14332
129
8555
8597
25614
8209
162
16258
25615
26111
2533
13531
13532
21769
15860
21770
14150
13533
16955
24049
24050
9087
13512
13377
783
12034
12035
12036
21625
2819
13535
4945
2577
16061
2806
6908
894
6909
6910
22688
22689
26042
20368
13378
13379
21772
21773
25236
3315
625
6911
14333
15601
26563
14151
22978
26564
26565
4949
4643
25616
24607
3100
3101
6912
4295
3103
3104
21775
8594
26900
22979
14152
21776
2708
147
12044
22980
14334
25619
11582
26113
16063
16064
15286
21777
57
21058
713
4296
22696
22697
16067
22981
15289
10336
6913
22698
10337
21225
10726
21227
1199
2828
21060
1817
3105
15865
21778
21061
18683
21062
21063
25621
3106
3107
13081
13082
13382
19247
24226
20908
18684
24227
4969
13543
25623
9982
21780
6915
76
7764
6819
15866
15602
15292
21781
23779
4971
6973
21064
21065
7766
13384
787
68
22483
17888
17889
22700
13386
15293
13388
15294
19306
17892
25624
18688
3317
17751
13389
15603
15605
16398
16399
254
17893
22485
13390
17894
26903
167
23780
22487
22488
652
22489
22490
22491
711
22492
899
22493
26114
17895
17896
3110
3111
20370
25625
4626
11368
14344
21785
12682
24163
24164
21786
21787
14153
7673
14154
24165
13391
21788
23781
19433
19511
6916
10632
19432
3321
17898
23782
3211
13552
13553
8413
25247
15606
15298
17899
25251
22495
22496
8744
22497
11598
19486
10633
15867
11600
10634
24229
24230
24231
3322
24232
19249
14157
19516
10431
14158
22498
12056
16390
9988
10185
2820
8210
18431
10175
9989
6917
6918
1834
6919
19688
14161
17453
18691
21791
13557
19455
13392
19310
1328
19452
13393
13394
18596
1571
13395
13396
1835
13619
23783
13558
13560
3323
15613
17901
19447
19251
13629
13091
24052
17904
13765
17778
21069
3819
17906
12059
19857
13397
24608
803
15615
6923
24167
1837
1838
1839
17907
12060
1682
20373
20374
24716
6924
6925
6926
24
4984
172
98
19254
1685
24609
24610
4989
8213
8144
21793
8214
1850
11499
11193
11605
22982
22983
1204
16074
11608
15308
21794
13230
13398
15309
15310
22712
14162
16075
4401
3855
11
13093
17455
13551
9994
4992
17913
22713
16076
15870
21072
22984
22717
13401
13402
13564
17456
173
3860
4994
6079
18694
1854
3862
3920
6928
3861
6929
9100
4628
4725
26573
17914
1206
6930
26117
24235
5000
9901
9996
1080
1020
1119
11858
26119
26910
9997
13567
13568
15316
15317
21075
13096
19523
13097
21076
19525
19257
19259
25435
15620
18695
25264
18696
25265
18466
6931
21230
5003
6932
12074
9101
15321
13573
6734
18697
13194
24053
1207
24169
3970
15873
23786
17920
17921
13575
9983
3326
792
22722
19260
24170
23787
3125
9999
13406
6935
3126
17923
3971
24055
8221
1208
20377
9102
11616
20378
15325
20379
3968
21796
8610
72
23278
14364
105
23279
11618
14365
178
104
10001
23281
23282
23283
23284
479
21797
26120
21798
16079
19261
3866
3973
22500
17924
13579
13580
12077
13219
13220
17621
50
13221
17457
3864
24237
24238
17890
25436
25379
22502
2142
17622
15327
13222
13583
23286
13223
23287
181
17925
23288
182
183
184
12684
25438
3715
53
18294
8565
20892
8900
2798
13409
21799
23289
19429
8976
23292
20381
9104
8222
11622
25628
8146
2818
24056
13225
19532
179
12080
22985
6891
11623
12081
11624
25629
13750
1866
23294
14166
11197
23295
6936
25630
6937
26125
18467
14370
14602
190
23297
19262
21801
13588
19263
10637
19265
10638
3328
90
10639
13098
19266
19267
19268
17926
13228
3133
23788
6938
23789
10640
23298
25631
25633
3134
3135
3697
17460
19269
801
12084
19537
193
21234
19538
185
23293
13590
12085
22730
23301
23302
194
22503
21078
195
23303
25991
14372
23304
3331
6939
23305
23306
23307
7473
23308
24615
23309
19408
4411
13
23312
23313
6940
196
197
18295
65
21802
13100
1285
13555
25440
13591
21079
13229
13753
25269
15877
198
23790
16422
18702
18703
5012
5013
199
3699
3700
7645
1211
4299
25270
3702
18704
23793
23794
200
12687
10827
13596
23316
806
11146
23318
23319
24616
24617
9105
814
16083
3333
13599
11629
4442
18296
18707
13231
3335
18435
26915
26916
12098
22990
22991
19272
3336
1875
21082
3337
1877
23320
22992
3338
1878
7789
7631
26128
21806
21807
6942
26129
26130
3339
17462
19275
18708
1221
12102
19318
15878
809
20172
13104
17463
19276
15338
811
812
15339
14378
813
6943
17464
17931
17854
26917
13414
23323
23324
6944
815
4445
23325
10641
1880
19277
17612
10642
3174
13602
23327
13103
15883
16088
3978
16089
18468
2835
9110
7638
21189
19278
204
20383
496
23795
18298
23300
23330
20384
4420
4419
24619
12103
12104
11642
11635
18710
24172
21085
3218
19279
19319
1329
13106
26921
13235
13236
18714
23796
13415
13058
16090
23333
3342
3343
3344
26829
24059
13109
21808
14380
14381
4614
14382
22737
3345
22738
3766
3856
15644
3346
910
13456
22682
22993
3348
16181
23338
8613
23339
21087
23331
3957
12112
11434
19280
25441
14383
14384
13746
18299
19556
14285
6950
6951
18300
20385
5027
17631
24786
8121
17609
18301
2817
1890
23342
21809
14389
4447
1181
14391
24621
14392
143
25285
3703
3704
17466
17467
16413
23800
19283
21088
19284
3705
26975
3149
23801
18717
20389
3350
3351
18469
6952
6953
6954
15885
10352
19321
15658
15659
16093
3353
24175
4300
4301
4302
4303
3354
3355
26976
3150
14396
4304
23344
23345
3356
22740
13606
3152
22741
18721
23347
3982
18302
26135
26136
14399
6957
6958
4249
14400
23349
26137
6960
6961
6962
207
1051
6963
13239
13180
3709
13607
13608
19287
19288
23804
13241
26139
19323
13114
17474
13115
4449
17475
19324
13422
13423
13424
13425
24244
26923
24245
13116
13243
13244
5035
12688
19325
8046
12689
22744
22745
3983
16095
20391
18303
3360
19326
13245
18723
13427
13428
19289
14403
3361
3362
12120
12121
3363
3936
5036
4698
18304
3934
5033
3365
3366
23353
2816
6965
18410
6966
26142
11407
10645
6968
13246
3984
6733
18306
8847
8233
14405
14406
10005
20343
4450
23354
20392
24755
12124
23000
9985
26587
14409
13247
26148
17220
25442
25443
19292
3985
19563
15663
19327
13611
24177
10646
3986
11649
3372
3373
24060
11650
16415
11651
21813
11652
19566
24061
3374
24062
19293
13242
13250
15664
22748
19445
22749
22750
13613
18472
18473
4307
209
19501
18724
6970
14454
15365
22753
6971
3375
3376
6972
25635
94
17476
10356
3377
14411
3378
3379
18309
3380
10772
819
1224
1225
18727
2825
11655
24896
24624
17639
21814
15799
8235
21627
19294
14412
554
3385
24614
4613
21168
8236
23359
11656
2783
11657
11658
11659
14416
25640
14418
14419
26147
26153
139
15886
3386
17479
3387
3388
3389
3710
3711
23806
8939
18728
3391
3392
24066
1922
3825
4410
821
3393
6975
23360
1230
22756
13262
19295
26924
13624
13430
13431
1231
12136
24902
16423
3394
19296
25295
18474
19165
19297
11670
24067
13432
3158
26983
24068
3159
26984
3160
26985
13433
8903
15675
8238
26588
23343
19328
19299
822
567
16424
12140
6765
14420
7797
15872
109
111
8239
823
1094
2827
25645
25644
8904
20874
23005
13627
3396
13628
25444
25445
21089
810
3712
3397
3713
824
3714
7130
3398
24069
19409
7071
1070
3399
10012
10013
14422
1928
1930
1931
2716
3716
3717
826
1573
3400
19575
1233
19578
10647
3402
81
13436
18733
10362
18377
10014
16099
17230
20877
23006
22396
22759
10015
26335
25446
17949
11325
8241
8905
21817
17641
13636
13637
20880
13638
13639
18312
21818
8626
13640
13641
13257
21820
21821
11674
3404
15683
22761
3405
15686
15687
15688
24909
3406
22762
3407
15684
22763
13644
3408
3409
20881
3410
22764
17954
8631
14427
14138
3411
4310
21090
21091
17870
3693
3412
11675
25448
22507
25449
21628
10649
13647
17957
24910
830
24912
24913
20400
20401
13263
20402
20403
20404
20405
20406
22766
4452
20409
20411
20412
20413
20414
20415
20416
20417
20419
20421
20423
20426
20427
20428
20429
20430
20431
20432
20434
20435
20437
20438
18314
20439
20440
20441
20442
20444
20445
20448
20449
24914
20450
24915
20452
20453
20458
20460
20461
20462
20464
20466
20467
20469
20471
20472
20475
20476
20480
20481
20482
20483
20484
19583
20485
20487
20489
20491
831
20492
20494
20496
20497
20498
20500
20501
20503
20505
20506
20507
20508
20509
20511
20513
20516
20517
20518
20522
20524
20526
20527
20528
20529
20530
20531
20532
5042
20536
20537
20541
20542
20543
20544
20545
20547
20548
20550
3719
20552
20553
18437
20557
23371
20560
20562
20563
20564
20565
20566
20568
20569
20571
20572
20573
20574
20576
20578
20579
20580
20581
20585
20587
20588
20589
23372
20590
20591
20592
20593
20595
20596
20597
20598
20599
5044
21825
218
3826
20883
9969
22769
22770
17482
17483
21827
4311
13648
13649
5046
25304
19584
2717
2718
219
834
13652
23816
15895
1235
17958
15694
26596
23373
20280
8162
3722
26157
22773
24919
24250
3723
15695
15696
835
12145
22774
2836
24070
24918
24920
24251
13438
10650
21830
3724
20885
20886
21831
10433
23734
24252
23375
20887
12146
12147
25647
25648
18318
23351
20888
6976
6977
20603
21832
23007
1238
16614
26597
26598
21833
22778
24071
15698
24924
24925
23817
13126
18739
23818
23819
23820
23821
23822
17486
12690
23824
25314
16619
20889
15375
8906
22397
8627
10046
12691
10205
6979
6980
10972
1932
9122
840
17642
841
17487
26926
17241
842
1944
17963
17964
14443
23008
25451
6981
6982
23379
23380
14170
844
8907
10651
6983
26928
8628
4313
8629
4722
845
624
23382
6985
12161
20890
1949
1239
20891
15707
13268
13658
21835
21117
19590
2639
16433
16434
222
13279
15710
223
18740
16435
24927
24178
7802
17244
13660
23829
846
26931
847
13440
13270
4314
13271
16436
18742
22786
15711
22787
22788
15379
22789
22790
22791
23383
24253
23010
23384
15380
14444
24928
24254
15713
24929
10022
13663
22792
20893
13664
20605
6986
19478
13665
13666
13667
23385
26932
15715
10654
26160
12166
8908
14445
12167
25650
8247
26933
10023
26935
848
25651
23386
24255
10024
20894
8909
10025
23387
8910
850
10027
20607
14449
26600
13273
13274
8630
15382
19595
25452
19596
21629
17248
13275
8973
3418
22796
9127
22797
22798
22799
23390
2719
25453
17495
18748
13276
19599
2815
852
16442
16630
16631
16632
23393
13277
23392
22510
8892
18231
14456
14457
19600
8914
8915
23395
23396
10029
21844
10030
20610
24628
23397
20897
20898
24629
12180
23013
23014
22511
22512
22513
23398
23399
24756
20899
23400
26162
23401
20900
18479
23403
8916
26602
8917
14463
6510
17645
2413
23402
25626
21845
21846
10032
6987
26166
25321
12283
12686
13136
13675
25655
17496
4457
22805
6989
3728
17647
1242
10365
22514
24630
3989
24943
24944
1243
20901
18567
16634
16635
16636
16637
16638
16639
3729
3730
22806
25656
16449
3732
24631
18749
2803
25658
14469
17498
13137
24632
8249
6990
14470
8655
8250
22515
7353
10436
10658
26168
12196
10033
17970
3734
21848
13678
16641
17499
13680
2829
17500
24180
15387
15742
23831
23832
26940
26941
4317
16644
16645
13278
4318
13443
17971
17252
18481
8252
26942
17253
25458
3419
17525
3420
22808
24258
22813
8351
4321
13570
1245
26943
22516
862
18320
18321
21849
17254
22518
17502
17503
3735
3736
26944
14473
864
1963
1964
17972
6994
16646
16647
12205
6995
18322
5065
26174
26591
26175
20902
25662
3829
20903
20904
26176
20906
20909
21850
21851
16457
18323
13686
18838
1248
23405
23834
16651
16652
23835
16653
26946
867
13688
15746
24948
20910
11780
12211
8253
8254
12745
24075
26947
23406
24949
8255
21370
20911
6996
23744
6997
20912
868
870
18324
4324
25664
6998
16103
16096
21852
21854
21855
18752
13281
15391
15392
874
14175
14176
2581
13272
13444
17977
23844
18753
20914
24259
12693
12694
13148
13149
16104
25665
25666
2809
25667
19613
20915
25668
24182
17649
19614
25642
15766
21856
16655
16656
16657
16658
16659
20916
16660
16661
12222
12223
24637
24638
224
225
226
26181
12227
2805
3830
23409
20918
20919
1969
1970
13150
13445
13151
13282
17506
13283
15395
20920
16662
19616
14178
24639
24951
26948
24952
23845
19617
3423
25670
13700
12695
15396
17507
10664
13152
25671
24640
25672
26060
25673
12230
26950
24954
17552
18756
18758
21858
15761
13448
13449
13450
21859
21860
18762
21861
7228
26182
15763
18763
954
3988
22523
23025
15393
8603
23410
12696
12697
12234
23411
14478
7003
879
228
20923
20924
883
21863
21865
10665
24076
15765
13285
18766
17332
48
19622
25460
24077
15767
21866
15768
17333
15769
26952
17508
13704
17335
15771
12698
21252
18770
17984
1252
15772
17267
13453
22526
15402
7006
17336
24260
7007
7008
24261
7009
24262
24263
1254
15774
23413
12700
19624
23416
21253
24957
18771
13286
25675
20925
21256
25332
25333
25334
24958
26185
21868
2649
2720
25676
7010
3742
18325
25335
13287
7013
20926
22529
1256
14481
14182
889
20927
7054
26186
372
23029
20929
20930
24745
24184
3672
13708
13709
13710
25336
13712
17338
2721
25337
25338
3990
25340
10666
13288
17511
14183
18773
19609
10667
2722
12702
3424
9778
9144
3181
21869
1259
17988
15407
21871
18327
24078
18328
2723
16109
22399
13155
20932
9145
15907
9779
15408
23418
8261
19628
18329
18331
4615
3991
684
12706
15409
15410
10441
16668
16669
18332
1260
8922
20933
23358
18333
20934
25678
21873
8632
895
23421
9780
14488
17343
22524
17271
13455
15908
7813
17513
21094
514
7814
21096
12703
13460
897
15405
898
13289
25450
22400
9781
22534
13156
7015
3844
1261
15406
7016
14185
22535
21876
8924
16671
24266
7816
15909
8634
20938
13461
15910
1974
7017
2724
7817
900
18484
4328
2725
903
21877
2813
4463
7018
905
23429
18778
17337
21097
21098
18779
13718
2726
2727
16672
13164
13165
906
17991
907
13290
15775
21258
13463
3744
17273
23030
4309
8344
21878
13464
3745
3746
3227
21259
13291
16480
26954
1976
911
4782
14186
17650
3747
21880
21881
21879
21882
21883
18336
3750
18338
26200
20618
20942
21884
21885
9038
15777
24960
912
25341
19637
15411
26956
15412
25342
24962
24963
24964
7646
14491
20943
19638
14492
20944
20945
24965
20946
24967
18784
11213
21368
21102
24186
24968
10210
2555
10395
23433
25680
901
26957
913
2729
914
20947
20905
21888
18339
916
917
20949
7019
21889
23435
21890
13470
8948
17275
3220
10671
15416
4464
21104
13292
1265
22820
918
231
3962
17865
13724
1266
2133
24267
919
15417
13170
13293
15785
920
25464
13174
3918
3993
22536
22537
15786
2801
13294
7020
7022
7023
8265
23440
13187
15862
8926
10034
21892
233
3755
23442
21894
20953
23443
23444
23445
3756
5110
1977
23446
8409
23447
1268
19340
1269
25465
15829
2318
13176
17517
24970
24945
3432
921
3433
20955
23105
10878
10673
16489
21633
18341
922
14196
14496
15790
5113
4709
24187
11720
1979
10401
3758
21636
2586
21109
24643
18342
14497
23449
10404
924
23450
12257
12258
18343
23451
21895
24999
3760
14197
21266
7024
14198
24644
1271
2241
10824
13736
13737
17519
13738
17520
22826
22827
10674
21116
17521
13739
13740
15424
15425
23454
10443
17284
13297
17285
23456
13181
18785
15428
18787
19654
19655
19656
11217
22543
23457
19658
1983
4412
9783
26070
21896
22544
21637
1984
17523
21898
21900
21901
2587
13733
14199
8496
4794
26207
13732
24971
24972
17341
7025
7026
5118
23458
7027
5121
26211
13299
13743
14056
10675
25355
602
4470
13303
925
11219
24973
7692
7659
21902
9784
9786
9787
13302
22545
15436
4640
10035
13745
18839
16397
22546
1990
5131
10735
3761
20624
24974
24975
20962
16129
15499
24976
20963
1991
20965
20966
13747
10677
3845
15797
23750
4471
23464
19661
492
2734
8268
14499
20969
24649
103
24650
926
20970
23033
23034
25689
10039
3435
24189
10678
3199
13305
22549
21124
7846
9311
9156
17999
21903
18000
3437
3438
19663
23752
24953
17578
17575
5137
18486
23857
23858
21269
2859
18788
13306
13307
7028
20973
9300
9514
16683
9515
8638
7029
18345
14501
9518
16684
4332
7617
17347
1081
7030
24651
22550
18001
25982
16134
14504
20975
12709
10681
14202
16135
16136
25468
21905
10683
650
9521
3439
13308
9522
13754
3558
13756
3440
24979
17653
9788
3441
928
930
7031
18789
932
13757
931
18790
15444
10488
15802
15803
20976
20977
22839
18488
17349
21273
22551
17833
18004
23860
23861
13312
8270
13313
26615
20978
8271
5146
21906
12277
23039
7032
7033
23466
25691
21907
16139
1583
2009
19667
9789
15449
25471
17293
13315
9790
3443
18792
24271
22841
22842
24272
22843
22844
22845
9791
22846
20979
22847
13761
22848
20980
13762
22849
22850
22851
22852
13763
12281
18007
10445
2874
13766
934
15805
13480
9792
6795
21127
3840
17655
2740
11222
2741
24193
3841
21912
2742
21913
2743
2010
13482
17656
17491
936
26058
18008
17294
7037
17351
8977
17296
13316
8126
14042
7301
21914
12711
8640
20981
20982
20983
1280
8931
8932
20985
13768
13771
17529
9782
13772
16694
13773
12284
13774
4334
13775
13776
17298
20986
1284
941
16145
19446
19669
19670
17531
10446
26618
3842
606
25692
19359
19671
19672
19674
19438
942
25693
8275
8276
20987
943
19676
26073
4475
22402
9793
13317
7831
3843
15930
947
242
23470
15931
7040
7041
20988
12712
7042
20628
18005
20989
5169
7043
13188
18010
18011
18012
18013
7044
18014
18015
3764
18350
18351
244
24273
26620
8933
20990
18490
8935
15933
26621
13779
2745
11225
22406
7833
7834
18353
10691
23471
23472
23473
7046
13191
7047
7048
7049
7050
10581
7051
26624
10416
18017
16147
7052
7053
110
12288
26626
950
26627
12715
8278
10694
8936
8937
5188
17354
16148
9796
9797
22410
13318
22554
10697
16696
5203
7055
7056
7057
10447
7835
9045
8169
21641
17355
10703
11226
11763
12290
4338
9046
17356
4476
22421
12292
7058
10704
3847
10556
6714
246
17358
9798
19681
18492
17300
17301
17302
10705
4477
17360
4478
952
17361
19362
4479
4480
12298
8941
10707
17357
8919
19683
19684
19536
9048
9049
953
12300
2778
16514
13195
8279
17303
17304
13196
13197
12302
14519
10710
24981
22423
1075
8991
9051
12303
12304
24274
25659
10709
10712
10713
17305
18493
18029
21642
10418
1686
8942
12719
12720
12721
13784
13785
13786
13788
13789
13790
3448
4209
16517
25699
25700
25701
25702
25703
25705
16518
13321
9052
7839
25707
25708
25709
10714
21280
17309
14522
23863
1293
22557
20991
20992
21917
20993
13793
21129
21130
15471
15472
16525
18031
8653
17536
21133
13795
22558
22559
22560
22561
21918
614
22562
21134
13485
13486
2019
3850
15473
17527
11227
24985
958
21136
21285
256
13201
13202
24223
13203
13204
26994
10715
15942
18429
4348
8945
20996
26629
21853
3627
12325
14524
20997
21137
21138
13488
17538
17539
23867
26996
24080
26997
26999
13323
13324
18497
18498
23868
13796
17540
3769
2562
14525
8642
10951
24822
15474
10950
21141
3324
21142
15808
24831
3452
18795
5234
27000
18033
17542
27001
27002
13325
14208
21920
27003
17544
26631
23045
9183
21293
21922
15944
12752
7061
13801
21924
13802
13803
27004
13805
11228
23869
18036
15809
13806
15477
7844
21643
15478
18761
24278
14209
20998
16152
13807
963
24279
24280
24086
24281
12327
24282
24283
17319
13327
5239
253
17365
18799
18038
16532
19365
24284
2590
24285
8283
13206
7062
27005
26057
26002
14528
1296
13207
7063
3772
3773
16153
16154
16155
24658
17321
7064
7065
21926
7066
14530
20948
12331
20999
8285
12332
23047
21927
26226
26227
13328
21928
23872
15481
15813
15479
4349
4247
13329
17546
17547
9801
21148
15483
2037
11230
24989
15484
17548
9057
3454
12723
12724
23873
17366
1307
16533
12726
965
13333
18501
12336
24090
20648
3776
966
27008
24288
7067
2041
16158
21930
13816
21149
9803
16535
23875
21931
13817
13850
18801
16536
18802
4350
18803
17549
15815
17550
15493
12728
16540
15494
27009
15495
16705
18805
18503
17551
12920
24293
5255
4703
12729
9804
21932
26230
5256
4351
23762
21650
14211
4676
7068
7069
7070
27010
16163
6761
21001
2056
16910
24990
5257
5258
971
13335
3456
24295
3778
24992
24296
2760
24297
24298
24299
4353
18042
18043
18044
257
24993
7075
7076
16170
18358
12731
7077
7079
8289
21002
16171
16172
4354
7081
10717
7084
7085
1306
27011
20651
12226
12354
13820
16707
4355
16708
13339
24995
15817
17553
13821
13340
18807
12363
16709
17661
18045
24659
13824
17663
13825
13826
13827
27012
13828
1308
7086
27013
19565
16544
16546
7087
24301
13215
21943
12917
24660
27014
18359
12733
12735
18360
12736
25481
18361
12364
27016
12365
21004
8119
3779
16710
7088
12738
21005
23057
17371
21006
21944
15509
18809
13831
13832
18810
13496
2591
25373
9806
18047
18048
16711
4356
24302
13834
699
21008
25482
24304
2066
12374
18049
21010
19374
25483
9805
25484
25486
25487
2067
16713
18362
27017
13217
5275
26061
7089
2068
21011
21012
7090
21013
21946
10718
3462
3463
10719
9807
9809
13498
2069
12376
8949
8950
17554
2070
8951
24305
8952
24307
21949
18817
27018
27019
18818
26235
18819
25712
3465
26236
2071
20653
10452
972
7091
260
23058
21950
21951
8561
24199
9810
21303
23876
9811
16559
24309
18056
10721
3460
4358
27020
18820
16183
17373
11234
7093
25713
14539
25000
27021
27022
16184
25715
8293
21947
7094
24312
13842
9813
24291
27026
10722
8295
25002
16722
16186
4361
4363
14541
18823
26241
4621
25003
25004
25006
3569
10115
12393
2799
978
15981
25007
9524
3466
17556
9525
9526
9527
2593
24314
9529
829
10725
24315
4364
17666
17558
17559
12395
10568
25009
3467
4487
18837
1317
3468
13851
5288
7095
26242
8566
24664
1318
3629
7097
9535
9536
25716
17561
9537
3994
3950
9202
3469
9203
9204
4208
18067
4592
12401
7098
7099
10730
24665
10733
19754
10734
23879
3472
25493
21309
19383
24096
14542
12747
23880
12748
16731
26243
14225
16732
12749
981
25010
16161
26244
262
26245
17669
17670
3998
17567
14545
21958
17569
9212
3958
23475
8298
14548
26246
7100
16190
18512
9213
24316
10051
5302
8299
9214
24667
7101
16123
14226
9544
17570
17571
12412
24100
18514
26248
18515
12416
16193
23478
26249
8954
5314
8953
7103
7857
7104
7105
16194
16673
264
1024
7858
77
23479
10688
8585
987
7108
9546
9547
9549
9550
9551
9552
13856
25498
988
17573
17574
23892
3473
2089
16573
2090
13857
25718
7110
23068
12210
23069
23070
4366
23482
23483
8797
9817
18076
18077
18078
25499
16772
21655
18365
14552
9818
17577
5316
23893
7111
7113
7114
23894
23895
989
20664
17579
17580
7859
4008
25015
25500
23485
26649
8304
6652
25017
7116
18849
18517
2812
23488
25018
25643
8534
16739
3476
3477
24102
7117
16577
10455
7118
9220
992
19388
993
22426
14230
18085
20665
2096
2097
2098
995
997
998
18086
16743
16745
7120
16073
17375
12753
9558
9559
9560
21967
4009
4010
23897
23898
13866
23899
7863
11756
23900
12428
24317
24318
24319
23074
23075
24320
17376
1334
24321
17584
25022
24322
13869
25023
25724
4013
21158
9820
21969
23077
18089
9821
18088
23346
23498
12433
17675
13870
23499
26253
275
21971
26254
18855
144
11921
7122
25024
8076
25729
5345
9562
9563
21972
26255
9564
2832
9565
10526
9566
9567
9568
9569
9570
23501
9231
4367
1000
9827
17377
285
16199
996
1338
692
21656
7123
1339
1340
9828
9830
23504
23505
3479
12784
18523
9232
9233
4369
21975
2823
25731
25732
25733
25734
25735
25736
25738
25739
25740
25741
1341
25742
25743
25744
25746
25747
25748
25749
25750
25751
25752
25753
25756
25758
25759
25760
25762
25763
25755
875
21976
287
16202
18526
18527
25502
12441
21977
18528
16746
16747
7124
23509
12442
25652
16748
16749
16750
16751
16752
16753
16754
16755
16756
16757
8310
16758
16759
26257
9572
9573
9574
2769
17587
23080
24103
16760
24105
9235
7873
17588
23081
1345
3480
23902
10000
25503
9236
4377
18860
23511
18097
21978
24672
21979
26260
26261
3482
9575
9576
3483
16761
10056
24326
17589
19769
25505
13872
24106
135
24108
24109
5360
21982
17380
14560
17383
17381
19770
16762
16763
16764
16765
24110
5362
23517
7676
18861
20670
16206
18862
16207
19773
18369
18099
23084
23086
4495
24112
21322
21323
21325
17385
22427
18370
7126
7127
18371
23520
25768
23521
23340
17364
9243
25028
25029
7128
23522
25030
16770
16771
25769
24715
9577
9578
24327
19775
9579
13874
11243
25033
17387
9832
9833
9244
13876
291
292
18373
21327
16211
16212
16213
7129
16214
18101
19395
7131
24329
2116
21328
7132
21324
21329
25037
21330
18102
19780
25771
21331
5370
7877
7879
1002
7881
25038
8313
1003
16773
7133
18103
21333
16217
16218
25039
21335
23525
23526
1004
23527
23528
1347
16219
16220
13878
13879
18104
12469
9581
25773
1348
9583
26265
1349
23530
18871
16782
1350
510
18872
26266
26263
26267
7134
9586
9587
7135
13880
13881
9836
19782
13882
9837
9838
16589
18106
9839
293
16223
2596
19783
16224
24333
13939
1006
3484
294
295
2120
5380
25042
16226
18108
21340
17681
17682
1009
585
18375
16229
16231
16232
16233
21342
24674
16234
23538
12704
23539
19785
19786
24115
24116
9590
9591
24117
19789
21343
16238
23088
7679
9841
23540
23541
24119
22429
16783
10460
9842
24675
18877
1353
16239
16240
13884
13885
13886
25045
16595
16596
17684
9246
24334
12468
25050
16786
17686
18529
25051
4386
18530
16241
2122
16242
16243
13888
25053
13889
13890
13891
12473
24676
18376
23543
7887
24335
24336
18378
21987
18379
18380
8317
16787
9593
9595
17687
7888
23544
12754
18531
10461
16244
16245
23905
18114
24122
18115
23089
10462
3485
9848
11695
3486
3487
18382
12475
12476
26668
23545
21991
24123
23546
23547
21992
23548
12479
25054
18118
25055
21994
18119
21995
21996
25056
22430
23552
22431
23906
7890
9850
18121
18122
24125
21998
299
22000
22001
22002
22008
22009
22010
23555
23557
22011
22012
22013
22014
22015
22016
12483
23554
26613
24678
18125
26672
19793
25512
19794
13615
18127
12490
10464
18130
16790
16791
8319
7138
18881
24680
24681
17396
21345
16792
2774
21346
21347
24682
12755
21348
21349
21350
5399
18536
23562
16252
14759
13902
13903
24683
21351
25513
24684
18383
18882
24126
5400
4557
24337
16793
8320
13905
13906
13908
13909
23911
296
12756
11246
24686
9253
24687
301
25515
25516
4424
23568
23569
21354
302
18133
18134
25518
23912
21353
18135
18883
5417
18884
5418
18885
17397
17399
23572
23913
23914
9603
23915
21357
5420
21358
18137
5421
16794
16795
23916
19402
5423
22020
3489
16796
16797
25519
21363
25520
18142
14570
3490
20678
7894
2987
18145
17777
12496
5428
2780
5429
18886
16798
16799
16800
16801
5431
22023
22024
19802
19803
19804
21364
17404
22025
17409
17362
17411
17412
16802
16803
22026
16805
16806
16807
23575
1357
21365
24338
19805
16810
18540
23576
1358
19807
21367
4496
1359
1360
1362
1363
1367
24339
10466
18149
14239
18150
19403
1368
1369
5433
17413
12497
12498
12499
5434
5436
307
23577
22027
23579
3493
23581
5438
3494
23582
9613
9614
9615
16811
2125
16812
16813
1370
1371
1372
1373
1374
1375
1377
1378
24340
1379
19809
22028
1381
20680
19810
23090
19811
23917
24341
17414
23918
308
24343
5446
20681
12502
7897
7898
7899
310
311
17415
23091
16815
18384
8058
18887
23586
1383
18888
24344
16816
1388
23919
24330
23921
1390
1391
1392
23923
1393
10468
10469
2781
5456
5457
5464
20690
141
12504
1064
18152
7141
24689
7677
7647
12760
12761
23589
8326
8327
18385
10064
12762
20691
20692
12505
1396
22005
25525
19818
19454
9623
11250
20695
2139
20696
7902
7901
7903
22030
26685
9624
9625
9626
1397
22032
26687
22033
9627
9628
1401
70
22855
1404
22857
5489
5490
9629
5491
5492
17692
1407
20697
5494
10471
4389
10472
27028
4498
22858
22859
17419
22860
4391
22862
21374
4017
3496
12507
312
22863
18160
18386
23593
22864
14576
22865
22866
22868
22869
16819
16820
9631
22036
1409
1410
23595
1411
23596
23597
27029
1412
9633
23600
23592
1415
1416
1417
1419
16821
16822
12513
18388
18389
18390
27031
18391
18392
22870
16824
18393
20698
5505
14580
5506
14581
5507
1425
14582
7910
12519
22872
23093
22873
22875
22876
22877
4499
18161
21663
21664
21666
16826
14587
23604
22037
16827
16828
16829
16830
16831
16832
13914
1427
23929
9469
9634
1433
4392
19407
1434
23931
23933
23934
22878
19826
22879
1435
1436
19827
19828
20699
1438
7912
23608
313
1442
27032
12522
4607
1439
27034
12525
22039
22880
22881
315
13917
121
316
27035
9636
9637
23095
317
26689
3497
3498
3178
23609
22040
5745
3499
25057
26690
1444
24128
1445
9640
4395
4397
1446
2598
4222
23937
7914
27036
27037
13922
24346
5519
27038
13925
27039
27040
27033
17598
19830
23076
1448
1449
18891
18892
5520
25528
22565
1450
426
22566
16834
24347
14589
21128
25059
18889
18896
22045
22882
16835
23096
22046
21670
22883
9261
9262
18164
16836
8331
23616
16837
23098
23617
23099
23100
23101
23102
23103
20096
23104
25061
25062
25063
25065
25064
25066
25034
9543
9643
9644
9645
21671
17425
7545
19831
23107
18898
1451
23108
24348
23110
19832
19833
23942
23117
18165
7921
18166
23114
12543
8956
9265
19834
23620
25068
17426
24349
24350
1453
1454
4025
9266
22049
25069
24690
23614
3500
12765
19835
9268
16838
16839
16840
19410
16841
16842
2173
4402
20707
26998
25530
19836
23121
24351
12553
16843
27041
27043
12764
12554
25071
22056
18546
22055
9653
22057
18394
8159
7142
16845
22058
18177
19411
16846
16847
3503
23948
23949
25531
9277
17602
18899
22059
23950
23634
9072
23635
14599
18180
23883
4605
23951
23952
18900
18182
25532
11048
18901
13949
24352
8558
20708
24353
7143
24354
7144
27044
19843
23637
7145
7146
23638
22062
9285
7147
